Generation 0
[[array([0.0740456 , 0.07833531, 0.0227445 , 0.02936768, 0.02038944,
       0.08174701, 0.01936346, 0.03275449, 0.00327144, 0.09875099,
       0.049307  , 0.03839502, 0.00857072, 0.06507172, 0.09728882,
       0.06226328]), array([0.02493641, 0.00035675, 0.0862376 , 0.03276816, 0.02687508,
       0.01538927, 0.02632658, 0.00084144, 0.04598971, 0.09785979,
       0.03143073, 0.00629651, 0.07246061, 0.03188799, 0.0436058 ,
       0.05080918]), array([0.02944579, 0.08438804, 0.04333393, 0.04665834, 0.06321098,
       0.0901955 , 0.07493581, 0.0114526 , 0.08748205, 0.00902181,
       0.00959945, 0.0974162 , 0.06058859, 0.04579162, 0.04289384,
       0.0316714 ]), array([0.03525143, 0.02392881, 0.00536966, 0.0361498 , 0.03884021,
       0.08145856, 0.02876825, 0.0659581 , 0.0847228 , 0.09706143,
       0.07514806, 0.00128336, 0.05868592, 0.07454703, 0.05699683,
       0.01330649])], [array([0.06674849, 0.09245441, 0.0693193 , 0.05964008]), array([0.04151538, 0.04169364, 0.06065777, 0.05121342])]]
Generation 10
[array([[0.0740456 , 0.07833531, 0.0227445 , 0.02936768, 0.02038944,
        0.08174701, 0.01936346, 0.03275449, 0.00327144, 0.09875099,
        0.049307  , 0.03839502, 0.00857072, 0.06507172, 0.09728882,
        0.06226328],
       [0.02493641, 0.00035675, 0.0862376 , 0.03276816, 0.02687508,
        0.01538927, 0.02632658, 0.00084144, 0.04598971, 0.09785979,
        0.03143073, 0.00629651, 0.07246061, 0.03188799, 0.0436058 ,
        0.05080918],
       [0.02944579, 0.08438804, 0.04333393, 0.04665834, 0.06321098,
        0.0901955 , 0.07493581, 0.0114526 , 0.08748205, 0.00902181,
        0.00959945, 0.0974162 , 0.06058859, 0.04579162, 0.04289384,
        0.0316714 ],
       [0.03525143, 0.02392881, 0.00536966, 0.0361498 , 0.03884021,
        0.08145856, 0.02876825, 0.0659581 , 0.0847228 , 0.09706143,
        0.07514806, 0.00128336, 0.05868592, 0.07454703, 0.05699683,
        0.01330649]]), array([[0.06674849, 0.09245441, 0.0693193 , 0.05964008],
       [0.04151538, 0.04169364, 0.06065777, 0.05121342]])]
Generation 20
[array([[0.0740456 , 0.07833531, 0.0227445 , 0.02936768, 0.02038944,
        0.08174701, 0.01936346, 0.03275449, 0.00327144, 0.09875099,
        0.049307  , 0.03839502, 0.00857072, 0.06507172, 0.09728882,
        0.06226328],
       [0.02493641, 0.00035675, 0.0862376 , 0.03276816, 0.02687508,
        0.01538927, 0.02632658, 0.00084144, 0.04598971, 0.09785979,
        0.03143073, 0.00629651, 0.07246061, 0.03188799, 0.0436058 ,
        0.05080918],
       [0.02944579, 0.08438804, 0.04333393, 0.04665834, 0.06321098,
        0.0901955 , 0.07493581, 0.0114526 , 0.08748205, 0.00902181,
        0.00959945, 0.0974162 , 0.06058859, 0.04579162, 0.04289384,
        0.0316714 ],
       [0.03525143, 0.02392881, 0.00536966, 0.0361498 , 0.03884021,
        0.08145856, 0.02876825, 0.0659581 , 0.0847228 , 0.09706143,
        0.07514806, 0.00128336, 0.05868592, 0.07454703, 0.05699683,
        0.01330649]]), array([[0.06674849, 0.09245441, 0.0693193 , 0.05964008],
       [0.04151538, 0.04169364, 0.06065777, 0.05121342]])]
Generation 30
[array([[0.0740456 , 0.07833531, 0.0227445 , 0.02936768, 0.02038944,
        0.08174701, 0.01936346, 0.03275449, 0.00327144, 0.09875099,
        0.049307  , 0.03839502, 0.00857072, 0.06507172, 0.09728882,
        0.06226328],
       [0.02493641, 0.00035675, 0.0862376 , 0.03276816, 0.02687508,
        0.01538927, 0.02632658, 0.00084144, 0.04598971, 0.09785979,
        0.03143073, 0.00629651, 0.07246061, 0.03188799, 0.0436058 ,
        0.05080918],
       [0.02944579, 0.08438804, 0.04333393, 0.04665834, 0.06321098,
        0.0901955 , 0.07493581, 0.0114526 , 0.08748205, 0.00902181,
        0.00959945, 0.0974162 , 0.06058859, 0.04579162, 0.04289384,
        0.0316714 ],
       [0.03525143, 0.02392881, 0.00536966, 0.0361498 , 0.03884021,
        0.08145856, 0.02876825, 0.0659581 , 0.0847228 , 0.09706143,
        0.07514806, 0.00128336, 0.05868592, 0.07454703, 0.05699683,
        0.01330649]]), array([[0.06674849, 0.09245441, 0.0693193 , 0.05964008],
       [0.04151538, 0.04169364, 0.06065777, 0.05121342]])]
Generation 40
[array([[0.0740456 , 0.07833531, 0.0227445 , 0.02936768, 0.02038944,
        0.08174701, 0.01936346, 0.03275449, 0.00327144, 0.09875099,
        0.049307  , 0.03839502, 0.00857072, 0.06507172, 0.09728882,
        0.06226328],
       [0.02493641, 0.00035675, 0.0862376 , 0.03276816, 0.02687508,
        0.01538927, 0.02632658, 0.00084144, 0.04598971, 0.09785979,
        0.03143073, 0.00629651, 0.07246061, 0.03188799, 0.0436058 ,
        0.05080918],
       [0.02944579, 0.08438804, 0.04333393, 0.04665834, 0.06321098,
        0.0901955 , 0.07493581, 0.0114526 , 0.08748205, 0.00902181,
        0.00959945, 0.0974162 , 0.06058859, 0.04579162, 0.04289384,
        0.0316714 ],
       [0.03525143, 0.02392881, 0.00536966, 0.0361498 , 0.03884021,
        0.08145856, 0.02876825, 0.0659581 , 0.0847228 , 0.09706143,
        0.07514806, 0.00128336, 0.05868592, 0.07454703, 0.05699683,
        0.01330649]]), array([[0.06674849, 0.09245441, 0.0693193 , 0.05964008],
       [0.04151538, 0.04169364, 0.06065777, 0.05121342]])]
Generation 50
[array([[0.0740456 , 0.07833531, 0.0227445 , 0.02936768, 0.02038944,
        0.08174701, 0.01936346, 0.03275449, 0.00327144, 0.09875099,
        0.049307  , 0.03839502, 0.00857072, 0.06507172, 0.09728882,
        0.06226328],
       [0.02493641, 0.00035675, 0.0862376 , 0.03276816, 0.02687508,
        0.01538927, 0.02632658, 0.00084144, 0.04598971, 0.09785979,
        0.03143073, 0.00629651, 0.07246061, 0.03188799, 0.0436058 ,
        0.05080918],
       [0.02944579, 0.08438804, 0.04333393, 0.04665834, 0.06321098,
        0.0901955 , 0.07493581, 0.0114526 , 0.08748205, 0.00902181,
        0.00959945, 0.0974162 , 0.06058859, 0.04579162, 0.04289384,
        0.0316714 ],
       [0.03525143, 0.02392881, 0.00536966, 0.0361498 , 0.03884021,
        0.08145856, 0.02876825, 0.0659581 , 0.0847228 , 0.09706143,
        0.07514806, 0.00128336, 0.05868592, 0.07454703, 0.05699683,
        0.01330649]]), array([[0.06674849, 0.09245441, 0.0693193 , 0.05964008],
       [0.04151538, 0.04169364, 0.06065777, 0.05121342]])]
